((("color-theme-zenburn" .
   [0 0 0 0 0 0 0 0 0 0 0 0 0 0 0 1 0 0 0])
  ("require" .
   [1 0 0 0 0 0 0])
  ("else" .
   [2 0 0 0])
  ("nice" .
   [1 0 0 0])
  ("elseif" .
   [2 0 0 0 0 0])
  ("mode" .
   [1 0 0 0])
  ("php" .
   [2 0 0])
  ("php-mode" .
   [2 0 0 0 0 0 0 0])
  ("load" .
   [5 0 0 0])
  ("Mode" .
   [0 0 0 2])
  ("echo" .
   [8 0 0 0])
  ("exit" .
   [0 1 1 0])
  ("if" .
   [2 2])
  ("or" .
   [1 0])
  ("$file" .
   [3 0 0 0 0])
  ("while" .
   [0 0 0 1 0])
  ("feof" .
   [1 0 0 0])
  ("add-to-list" .
   [0 0 0 0 0 0 1 0 0 0 0])
  ("load-path" .
   [1 0 0 0 0 0 0 0 0])
  ("foo" .
   [3 0 1])
  ("bar" .
   [0 0 1])))
